0.070
0.200
0.200
0.110
0.040
0.060
-0.080
0.200
0.370
-0.150
0.030
0.440
0.680
0.440
0.020
0.080
-0.030
0.250
-0.390
-0.180
0.130
0.010
-0.430
0.050
0.190
-0.270
0.040
0.050
0.420
-0.020
-0.510
0.080
0.160
0.280
0.040
-0.190
-0.330
0.050
0.240
-0.170
-0.400
0.270
0.160
-0.040
0.040
-0.030
-0.220
0.410
-0.280
0.090
-0.600
-0.030
0.050
-0.200
-0.290
-0.050
-0.290
-0.790
0.070
0.100
0.110
-0.160
0.040
-0.240
-0.370
-0.150
-0.330
0.060
0.190
-0.080
0.700
0.040
-0.100
-0.610
0.130
-0.030
-0.110
-0.170
-0.340
-0.460
0.160
0.110
-0.120
-0.560
-0.350
-0.080
-0.220
0.380
0.290
0.430
-0.280
-0.070
0.380
0.600
0.250
0.140
0.130
-0.140
0.630
0.220