0.790
-0.560
0.760
0.520
0.530
-0.020
0.100
-0.210
0.090
0.490
-0.880
0.150
-0.620
0.770
0.830
-0.290
-0.420
0.210
-0.510
0.580
0.170
0.020
0.370
0.550
-0.910
-0.380
0.470
1.170
-0.380
-0.800
0.300
-0.110
-0.250
-0.100
0.140
0.780
-0.520
0.050
-0.770
-1.350
0.620
-0.380
0.200
-0.510
-0.300
0.700
0.250
-0.460
0.330
0.250
-0.450
-0.460
0.440
0.290
-0.280
0.330
0.540
-0.780
-0.650
-1.190
0.790
0.300
-0.540
-0.550
0.490
0.240
0.450
-1.030
0.420
0.460
-0.050
-0.330
0.120
-0.080
-0.150
0.230
-0.630
-0.330
0.090
-0.310
0.020
-0.350
0.010
-0.040
-0.260
0.170
-0.800
0.130
-1.150
0.300
-0.670
0.070
-0.540
-0.810
-0.730
0.900
0.670
-0.410
-0.230
-0.350