0.360
0.050
0.460
0.330
-0.240
0.250
0.050
-0.380
-0.100
0.070
-0.140
0.150
-0.080
0.320
-0.280
-0.200
0.410
0.410
0.130
0.100
0.020
-0.090
-0.100
-0.430
0.200
-0.100
-0.170
-0.730
0.420
-0.240
-0.460
0.290
0.540
-0.060
0.180
-0.560
-0.080
0.290
0.290
0.210
-0.210
0.580
0.110
0.110
-0.300
0.500
0.560
-0.600
0.530
-0.240
-0.360
-0.200
-0.490
-0.410
0.070
-0.080
-0.190
-0.280
0.160
-0.240
0.380
-0.110
-0.040
0.290
-0.270
-0.230
-0.020
-0.060
-0.060
0.080
-0.120
-0.110
-0.110
0.190
-0.110
0.120
0.100
0.000
0.280
-0.180
-0.180
0.300
0.430
0.140
0.480
-0.300
0.570
0.290
-0.250
-0.240
0.050
0.090
-0.490
-0.300
0.870
-0.320
0.280
-0.220
0.140
-0.290