1.990
4.440
2.190
4.390
3.990
4.010
3.100
3.290
2.780
3.290
3.950
1.670
3.380
2.100
4.410
4.500
2.650
2.430
3.480
2.280
4.090
3.420
3.160
3.740
4.040
1.610
2.490
3.920
5.070
2.510
1.800
3.620
2.940
2.720
2.960
3.360
4.430
2.260
3.210
1.850
0.880
4.160
2.500
3.470
2.280
2.630
4.290
3.550
2.370
3.680
3.550
2.380
2.370
3.860
3.610
2.670
3.670
4.020
1.830
2.050
1.150
4.440
3.620
2.230
2.210
3.940
3.540
3.880
1.420
3.820
3.900
3.050
2.580
3.320
3.000
2.880
3.520
2.090
2.580
3.280
2.610
3.170
2.550
3.140
3.060
2.690
3.410
1.810
3.350
1.230
3.630
2.020
3.240
2.230
1.790
1.910
4.620
4.240
2.460
2.750
2.550
5.340
2.540
2.590
3.550
4.370
2.310
3.780
2.430
3.800
3.020
2.410
3.300
3.010
2.970
4.900
3.730
1.870
3.130
3.930
3.510
2.600
3.630
2.830
2.190
3.820
1.240
3.070
3.580
1.590
2.250
3.850
2.780
3.150
4.480
4.900
3.250
2.680
3.070
1.120
3.040
4.100
1.220
3.330
3.110
2.360
3.500
1.300
4.150
1.260
2.860
4.630
1.420
3.370
4.070
3.160
3.820
4.480
3.310
3.270
4.190
3.850
1.290
4.810
3.810
1.730
2.830
3.440
2.660
3.980
2.520
3.470
0.840
3.850
5.190
3.790
6.060
2.870
-0.040
3.590
2.850
2.280
2.180
4.000
4.250
2.580
4.400
2.190
2.710
3.350
1.870
4.320
2.810
2.470
4.510
2.840
3.400
3.430
2.400
2.270